 <pre>

 Contingency table for Cloud base (m)
 Selection: ALL    646 stations
Period: 20260217-20260308
Used {00,03,...,21} + 03 06 ... 48
 Limits    70.0000000       150.000000       300.000000       600.000000       1000.00000       1500.00000       2500.00000       5000.00000    
 Each class is data <= limit, the very last > last limit
 Total number of values      369261
                                                       OBSERVATION
                                  13619     8455     3708     2167     1055      671      749     1118     6522 |     38064
                                   2101     4764     3786     1511      598      242      219      359     1121 |     14701
                                   1730     5176    10678     6556     2182      520      337      843     1482 |     29504
                                   1083     2326     8550    13932     6623     1285      490     1475     1896 |     37660
            cy46_preop_v2_test      503      842     3161     7163     8036     2351      709     1190     1689 |     25644
                                    334      703     2038     3852     3849     3220     1443     1061      964 |     17464
                                    371      578     1421     2876     2492     2217     3512     2351     1067 |     16885
                                    374      567     1046     2147     2394     1193     2294     9166     2061 |     21242
                                   3399     3285     5669    10500    12469     6375     5185    22205    99010 |    168097

                    SUM           23514    26696    40057    50704    39698    18074    14938    39768   115812 |    369261
                                                       OBSERVATION
                                  13549     8275     3613     2062      973      638      712      991     6489 |     37302
                                   2171     4788     3564     1427      561      207      196      355     1062 |     14331
                                   1708     5269    10558     6190     2001      441      282      750     1431 |     28630
                                   1186     2451     8744    14107     6302     1188      458     1411     1665 |     37512
   cy46_preop_v2_test_QinLSmix      495      851     3243     7355     8108     2352      657     1147     1380 |     25588
                                    335      657     1946     3807     3835     3188     1362      948      770 |     16848
                                    324      559     1388     2834     2420     2218     3620     2184      945 |     16492
                                    345      546     1073     2069     2398     1222     2328     8978     1955 |     20914
                                   3401     3300     5928    10853    13100     6620     5323    23004   100115 |    171644

                    SUM           23514    26696    40057    50704    39698    18074    14938    39768   115812 |    369261

