 <pre>

 Contingency table for Low clouds (octas)
 Selection: ALL    632 stations
Period: 20260217-20260308
Used {00,03,...,21} + 03 06 ... 48
 Limits    1.00000000       2.00000000       3.00000000       4.00000000       5.00000000       6.00000000       7.00000000    
 Each class is data <= limit, the very last > last limit
 Total number of values      371291
                                              OBSERVATION
                                 131572     3473     2532     1909     2142     2493     4802    12769 |    161692
                                   3927      432      331      338      379      469      842     2441 |      9159
                                   2731      371      275      262      286      335      679     2092 |      7031
            cy46_preop_v2_test     2282      297      277      217      255      349      635     1959 |      6271
                                   2021      320      269      215      259      393      678     2071 |      6226
                                   2177      341      307      264      319      440      784     2487 |      7119
                                   3114      523      430      402      531      734     1301     4346 |     11381
                                  21529     4251     4199     3888     4952     7708    18784    97101 |    162412

                    SUM          169353    10008     8620     7495     9123    12921    28505   125266 |    371291
                                              OBSERVATION
                                 134417     3698     2649     2054     2263     2686     5193    13658 |    166618
                                   3764      422      373      306      370      434      870     2495 |      9034
                                   2510      379      279      238      304      356      714     1995 |      6775
   cy46_preop_v2_test_QinLSmix     2079      323      260      214      278      334      638     1934 |      6060
                                   1788      272      248      228      261      394      677     2029 |      5897
                                   1955      343      305      262      309      418      803     2572 |      6967
                                   2802      451      450      393      514      755     1255     4287 |     10907
                                  20038     4120     4056     3800     4824     7544    18355    96296 |    159033

                    SUM          169353    10008     8620     7495     9123    12921    28505   125266 |    371291

