 <pre>

 Contingency table for Visibility (m)
 Selection: ALL    694 stations
Period: 20260217-20260302
Used {00,03,...,21} + 00 03 ... 48
 Limits    1000.00000       5000.00000       10000.0000       20000.0000    
 Each class is data <= limit, the very last > last limit
 Total number of values      356358
                                     OBSERVATION
                                   9460     8945     3728     2327     1395 |     25855
                                   4139    27697    14505    12890     9807 |     69038
            cy46_preop_v2_test     1581     8685    12577    19445    21264 |     63552
                                   1044     4752    12507    28848    46069 |     93220
                                   1907     6658    11438    30941    53749 |    104693

                    SUM           18131    56737    54755    94451   132284 |    356358
                                     OBSERVATION
                                   9337     8683     3598     2153     1389 |     25160
                                   4059    26898    13336    11577     8642 |     64512
   cy46_preop_v2_test_QinLSmix     1686     9133    12800    19261    20798 |     63678
                                   1124     5094    12932    29306    45995 |     94451
                                   1925     6929    12089    32154    55460 |    108557

                    SUM           18131    56737    54755    94451   132284 |    356358

