 <pre>

 Contingency table for Low clouds (octas)
 Selection: ALL    629 stations
Period: 20260217-20260302
Used {00,03,...,21} + 03 06 ... 48
 Limits    1.00000000       2.00000000       3.00000000       4.00000000       5.00000000       6.00000000       7.00000000    
 Each class is data <= limit, the very last > last limit
 Total number of values      239197
                                              OBSERVATION
                                  65361     2505     1915     1454     1654     1914     3783     9724 |     88310
                                   2530      305      231      256      258      353      667     1759 |      6359
                                   1776      271      202      214      205      241      498     1539 |      4946
            cy46_preop_v2_test     1569      226      214      180      183      275      480     1471 |      4598
                                   1395      248      211      166      188      287      521     1535 |      4551
                                   1438      260      238      209      238      308      593     1872 |      5156
                                   2010      402      331      316      400      557      981     3306 |      8303
                                   9758     3265     3263     3110     3786     5378    13983    74431 |    116974

                    SUM           85837     7482     6605     5905     6912     9313    21506    95637 |    239197
                                              OBSERVATION
                                  66904     2653     2000     1560     1726     2055     4096    10377 |     91371
                                   2433      296      259      240      263      326      671     1829 |      6317
                                   1672      269      221      185      223      257      539     1477 |      4843
   cy46_preop_v2_test_QinLSmix     1387      241      196      172      194      244      473     1449 |      4356
                                   1216      203      196      188      197      295      499     1510 |      4304
                                   1311      272      234      209      225      311      593     1912 |      5067
                                   1789      345      338      313      392      561      934     3272 |      7944
                                   9125     3203     3161     3038     3692     5264    13701    73811 |    114995

                    SUM           85837     7482     6605     5905     6912     9313    21506    95637 |    239197

