 <pre>

 Contingency table for Cloud cover (octas)
 Selection: ALL    405 stations
Period: 20260217-20260302
Used {00,03,...,21} + 03 06 ... 48
 Limits   0.500000000       1.50000000       2.50000000       3.50000000       4.50000000       5.50000000       6.50000000       7.50000000    
 Each class is data <= limit, the very last > last limit
 Total number of values      165531
                                                       OBSERVATION
                                   9812     1637     1599     1004      610      655      751     1013     2473 |     19554
                                   1600      401      514      375      233      319      456      599     1493 |      5990
                                    919      243      360      239      180      257      311      447     1271 |      4227
                                    722      192      296      202      170      203      314      399     1199 |      3697
            cy46_preop_v2_test      657      154      253      226      135      186      296      475     1278 |      3660
                                    632      181      241      201      137      219      366      575     1538 |      4090
                                    607      175      272      237      142      249      399      648     1943 |      4672
                                    843      252      371      358      234      368      667     1168     3596 |      7857
                                   3712     1178     1382     1372     1231     2278     4235    13948    82448 |    111784

                    SUM           19504     4413     5288     4214     3072     4734     7795    19272    97239 |    165531
                                                       OBSERVATION
                                   9724     1656     1549     1020      650      673      752     1046     2608 |     19678
                                   1674      388      524      348      216      318      442      596     1605 |      6111
                                    899      236      368      251      171      260      347      491     1290 |      4313
                                    760      181      311      215      159      203      294      437     1179 |      3739
   cy46_preop_v2_test_QinLSmix      641      184      239      227      157      181      302      448     1347 |      3726
                                    656      172      238      224      140      216      349      571     1465 |      4031
                                    632      180      292      239      140      265      380      699     1996 |      4823
                                    833      281      386      353      251      388      680     1116     3640 |      7928
                                   3685     1135     1381     1337     1188     2230     4249    13868    82109 |    111182

                    SUM           19504     4413     5288     4214     3072     4734     7795    19272    97239 |    165531

