 <pre>

 Contingency table for Cloud cover (octas)
 Selection: ALL    406 stations
Period: 20260217-20260308
Used {00,03,...,21} + 03 06 ... 48
 Limits   0.500000000       1.50000000       2.50000000       3.50000000       4.50000000       5.50000000       6.50000000       7.50000000    
 Each class is data <= limit, the very last > last limit
 Total number of values      260442
                                                       OBSERVATION
                                  27237     3366     2925     1727     1021     1080     1264     1487     3724 |     43831
                                   3968      779      941      687      425      527      710      850     2221 |     11108
                                   2283      491      642      419      323      406      526      640     1909 |      7639
                                   1752      387      549      374      278      348      514      571     1856 |      6629
            cy46_preop_v2_test     1567      325      475      379      257      324      490      665     1994 |      6476
                                   1456      332      484      356      241      365      581      783     2331 |      6929
                                   1434      350      504      434      269      414      647      886     2962 |      7900
                                   1987      468      664      576      386      619     1102     1612     5295 |     12709
                                  10412     2090     2771     2427     1830     3428     6812    17051   110400 |    157221

                    SUM           52096     8588     9955     7379     5030     7511    12646    24545   132692 |    260442
                                                       OBSERVATION
                                  27330     3368     2895     1757     1046     1115     1265     1519     3900 |     44195
                                   3973      766      980      663      402      510      702      832     2375 |     11203
                                   2290      524      662      446      323      444      560      704     1950 |      7903
                                   1836      371      578      367      271      347      504      627     1813 |      6714
   cy46_preop_v2_test_QinLSmix     1557      370      472      401      277      320      516      640     2040 |      6593
                                   1482      340      480      392      257      364      562      796     2341 |      7014
                                   1452      344      527      398      267      444      650      951     3045 |      8078
                                   1992      503      702      601      404      634     1159     1533     5416 |     12944
                                  10184     2002     2659     2354     1783     3333     6728    16943   109812 |    155798

                    SUM           52096     8588     9955     7379     5030     7511    12646    24545   132692 |    260442

