 <pre>

 Contingency table for Cloud base (m)
 Selection: ALL    638 stations
Period: 20260217-20260302
Used {00,03,...,21} + 03 06 ... 48
 Limits    70.0000000       150.000000       300.000000       600.000000       1000.00000       1500.00000       2500.00000       5000.00000    
 Each class is data <= limit, the very last > last limit
 Total number of values      238257
                                                       OBSERVATION
                                  11102     7240     3212     1969      850      424      289      428     1194 |     26708
                                   1498     3806     3046     1215      429      130       94      152      245 |     10615
                                   1262     3882     8321     4750     1237      346      228      439      570 |     21035
                                    913     1821     6155    10519     4119      927      398      858      958 |     26668
            cy46_preop_v2_test      427      654     2327     5323     6020     1803      561      799      850 |     18764
                                    245      521     1554     2787     2738     2410      960      726      519 |     12460
                                    236      359     1035     2225     1843     1512     2201     1504      579 |     11494
                                    242      364      859     1803     1996      941     1471     6506     1268 |     15450
                                   2417     2453     4437     8323     9892     4990     3542    15071    43938 |     95063

                    SUM           18342    21100    30946    38914    29124    13483     9744    26483    50121 |    238257
                                                       OBSERVATION
                                  10976     7034     3102     1878      779      412      267      387     1172 |     26007
                                   1542     3822     2887     1146      398      129       97      145      277 |     10443
                                   1248     4008     8307     4524     1165      309      194      394      568 |     20717
                                   1031     1915     6284    10623     3921      864      369      827      858 |     26692
   cy46_preop_v2_test_QinLSmix      430      662     2374     5432     5969     1835      525      778      743 |     18748
                                    247      477     1461     2770     2801     2370      922      647      446 |     12141
                                    202      356     1017     2168     1777     1466     2242     1430      500 |     11158
                                    233      360      878     1764     1995      955     1478     6396     1194 |     15253
                                   2433     2466     4636     8609    10319     5143     3650    15479    44363 |     97098

                    SUM           18342    21100    30946    38914    29124    13483     9744    26483    50121 |    238257

