 <pre>

 Contingency table for Visibility (m)
 Selection: ALL    698 stations
Period: 20260217-20260308
Used {00,03,...,21} + 00 03 ... 48
 Limits    1000.00000       5000.00000       10000.0000       20000.0000    
 Each class is data <= limit, the very last > last limit
 Total number of values      554944
                                     OBSERVATION
                                  12024    11501     6068     5979     3441 |     39013
                                   5477    33912    18631    18369    13854 |     90243
            cy46_preop_v2_test     2575    12574    20155    35343    36804 |    107451
                                   1737     7408    18908    46423    77312 |    151788
                                   2724     8907    15995    48320    90503 |    166449

                    SUM           24537    74302    79757   154434   221914 |    554944
                                     OBSERVATION
                                  12010    11205     5783     5805     3400 |     38203
                                   5417    32888    17268    16464    12402 |     84439
   cy46_preop_v2_test_QinLSmix     2591    13112    20254    34869    36006 |    106832
                                   1785     7880    19571    47256    77310 |    153802
                                   2734     9217    16881    50040    92796 |    171668

                    SUM           24537    74302    79757   154434   221914 |    554944

