 <pre>

 Contingency table for Rh2m (%)
 Selection: ALL   1049 stations
Period: 20260217-20260308
Used {00,03,...,21} + 00 03 ... 48
 Limits    30.0000000       50.0000000       65.0000000       75.0000000       85.0000000       95.0000000       100.000000    
 Each class is data <= limit, the very last > last limit
 Total number of values      877649
                                              OBSERVATION
                                     20       19       16        3        3        0        0        0 |        61
                                    602     2486     1206      475      412      135       44        0 |      5360
                                    465     9011    14286     7654     5401     2053      319        0 |     39189
            cy46_preop_v2_test      271     4839    23793    25355    30942    15930     1398        0 |    102528
                                    208     3618    17516    38169    71747    88513     8323        0 |    228094
                                      4     1398     7999    22962    68314   150224    51736        4 |    302641
                                      0      124     1473     3899    15178    60943   117077      196 |    198890
                                      0        0        0        0        8      229      648        1 |       886

                    SUM            1570    21495    66289    98517   192005   318027   179545      201 |    877649
                                              OBSERVATION
                                     18       24       13        3        5        0        0        0 |        63
                                    657     2937     1373      545      446      160       52        0 |      6170
                                    442     9107    15496     8161     5737     2327      360        0 |     41630
   cy46_preop_v2_test_QinLSmix      283     4563    23867    26958    32345    17000     1461        0 |    106477
                                    169     3521    16771    37462    72260    89604     8639        0 |    228426
                                      1     1245     7596    21972    66997   149884    52421        4 |    300120
                                      0       98     1173     3416    14208    58837   116018      197 |    193947
                                      0        0        0        0        7      215      594        0 |       816

                    SUM            1570    21495    66289    98517   192005   318027   179545      201 |    877649

